epoch:1
loss:1540.0618896484375
loss:866.3826293945312
loss:1607.434326171875
loss:1105.4398193359375
